Person 1 with AR
13:47:36.686552 (-1.124071478843689, 0.09788742661476135, 2.3045949935913086)

13:47:36.690541 (-1.1304033994674683, 0.09281480312347412, 2.303783416748047) 

13:47:36.700542 (-1.1338943243026733, 0.09189793467521667, 2.301327705383301) 

13:47:36.721489 (-1.140828251838684, 0.08710834383964539, 2.2981977462768555) 

13:47:36.750413 (-1.1497355699539185, 0.07819673418998718, 2.2958998680114746) 

13:47:36.767331 (-1.1544557809829712, 0.07381311058998108, 2.2934775352478027) 

13:47:36.792294 (-1.1566284894943237, 0.07344263792037964, 2.2896642684936523) 

13:47:36.803264 (-1.1615768671035767, 0.07130303978919983, 2.286874771118164) 

13:47:36.816201 (-1.1636396646499634, 0.07114812731742859, 2.285576820373535) 

13:47:36.817198 (-1.1636396646499634, 0.07114812731742859, 2.285576820373535) 

13:47:36.850141 (-1.172800898551941, 0.06359025835990906, 2.2791552543640137) 

13:47:36.867062 (-1.1750472784042358, 0.062334269285202026, 2.2758970260620117) 

13:47:36.883049 (-1.179322361946106, 0.059623271226882935, 2.2739858627319336) 

13:47:36.900003 (-1.1817694902420044, 0.0589945912361145, 2.272660255432129) 

13:47:36.918922 (-1.185522437095642, 0.055220991373062134, 2.2694997787475586) 

13:47:36.950836 (-1.1912733316421509, 0.050212562084198, 2.2653660774230957) 

13:47:36.968788 (-1.1945945024490356, 0.04707077145576477, 2.2627482414245605) 

13:47:36.985719 (-1.1966406106948853, 0.04442182183265686, 2.261012554168701) 

13:47:37.005668 (-1.1997953653335571, 0.040857166051864624, 2.25889253616333) 

13:47:37.016670 (-1.2011682987213135, 0.03823733329772949, 2.2571229934692383) 

13:47:37.050580 (-1.207364559173584, 0.029212385416030884, 2.2515275478363037) 

13:47:37.066546 (-1.2082079648971558, 0.02606770396232605, 2.2495503425598145) 

13:47:37.083460 (-1.211541771888733, 0.021729499101638794, 2.2477760314941406) 

13:47:37.100414 (-1.2121281623840332, 0.018235057592391968, 2.2474963665008545) 

13:47:37.116372 (-1.2159405946731567, 0.013823628425598145, 2.2445526123046875) 

13:47:37.151278 (-1.218162178993225, 0.006881803274154663, 2.239304542541504) 

13:47:37.167233 (-1.220460057258606, 0.0031971633434295654, 2.2363638877868652) 

13:47:37.183189 (-1.2205103635787964, -0.0005188584327697754, 2.235475540161133) 

13:47:37.201171 (-1.2226108312606812, -0.0038868486881256104, 2.2338223457336426) 

13:47:37.217099 (-1.221814513206482, -0.004804790019989014, 2.232593059539795) 

13:47:37.250012 (-1.2251266241073608, -0.012333691120147705, 2.228994846343994) 

13:47:37.268962 (-1.2248460054397583, -0.014350265264511108, 2.227522850036621) 

13:47:37.283921 (-1.2256942987442017, -0.016695767641067505, 2.2259254455566406) 

13:47:37.302911 (-1.224650502204895, -0.018630385398864746, 2.2248854637145996) 

13:47:37.316828 (-1.2260640859603882, -0.020057648420333862, 2.2237396240234375) 

13:47:37.365696 (-1.2262016534805298, -0.024137049913406372, 2.218315601348877) 

13:47:37.366694 (-1.2262016534805298, -0.024137049913406372, 2.218315601348877) 

13:47:37.387669 (-1.227839469909668, -0.02818933129310608, 2.215794801712036) 

13:47:37.397610 (-1.2279726266860962, -0.03208187222480774, 2.2152137756347656) 

13:47:37.426534 (-1.2274035215377808, -0.038331836462020874, 2.214200019836426) 

13:47:37.442520 (-1.2274469137191772, -0.04257094860076904, 2.210585117340088) 

13:47:37.457488 (-1.2270749807357788, -0.04850652813911438, 2.2066102027893066) 

13:47:37.491359 (-1.228356957435608, -0.05729690194129944, 2.202362060546875) 

13:47:37.508344 (-1.2269680500030518, -0.06148305535316467, 2.203094482421875) 

13:47:37.525297 (-1.2263010740280151, -0.06691071391105652, 2.202585220336914) 

13:47:37.541224 (-1.2249656915664673, -0.07282769680023193, 2.200009822845459) 

13:47:37.557184 (-1.2239404916763306, -0.07878640294075012, 2.1964902877807617) 

13:47:37.592088 (-1.2226470708847046, -0.09157851338386536, 2.1918044090270996) 

13:47:37.609043 (-1.2216864824295044, -0.09835481643676758, 2.191617488861084) 

13:47:37.627024 (-1.2194792032241821, -0.10467526316642761, 2.1928510665893555) 

13:47:37.652922 (-1.2173300981521606, -0.10911476612091064, 2.1932249069213867) 

13:47:37.674862 (-1.2168200016021729, -0.11456593871116638, 2.1914186477661133) 

13:47:37.693320 (-1.2158774137496948, -0.1208050549030304, 2.1878156661987305) 

13:47:37.713805 (-1.2124546766281128, -0.12672337889671326, 2.188605308532715) 

13:47:37.732886 (-1.2108107805252075, -0.13284119963645935, 2.188112258911133) 

13:47:37.755376 (-1.20867121219635, -0.136007159948349, 2.1886119842529297) 

13:47:37.773203 (-1.2055071592330933, -0.1414940059185028, 2.1885862350463867) 

13:47:37.792687 (-1.20241379737854, -0.14490172266960144, 2.186906337738037) 

13:47:37.815597 (-1.201086401939392, -0.14721915125846863, 2.1873788833618164) 

13:47:37.832548 (-1.1987704038619995, -0.15030285716056824, 2.187796115875244) 

13:47:37.853493 (-1.1965323686599731, -0.15184876322746277, 2.188931465148926) 

13:47:37.871444 (-1.1946054697036743, -0.15494802594184875, 2.18894624710083) 

13:47:37.884409 (-1.1926029920578003, -0.15487584471702576, 2.1891722679138184) 

13:47:37.910341 (-1.1904884576797485, -0.15674325823783875, 2.1886773109436035) 

13:47:37.926299 (-1.1894129514694214, -0.15691408514976501, 2.190371036529541) 

13:47:37.953228 (-1.189177393913269, -0.1570814549922943, 2.1913528442382812) 

13:47:37.974170 (-1.1871274709701538, -0.1564095914363861, 2.193138599395752) 

13:47:38.018080 (-1.186055302619934, -0.1562480628490448, 2.1927995681762695) 

